function A = MAT6_a(t_0,t_f)

A = [   1    t_0    t_0^2    t_0^3      t_0^4       t_0^5; ...
        0    1      2*t_0    3*t_0^2    4*t_0^3     5*t_0^4; ...
        0    0      2        6*t_0      12*t_0^2    20*t_0^3;...
        1    t_f    t_f^2    t_f^3      t_f^4       t_f^5; ...
        0    1      2*t_f    3*t_f^2    4*t_f^3     5*t_f^4; ...
        0    0      2        6*t_f      12*t_f^2    20*t_f^3];